-0.262846 -0.185370
0.266641 0.257885
-0.121018 -0.119045
0.075167 -0.276090
0.232156 -0.006077
-0.282257 0.059729
-0.051139 0.135318
-0.110016 -0.265058
-0.193168 0.090631
-0.299745 0.239777
-0.061196 -0.206299
-0.164065 0.031073
-0.238269 0.000200
-0.191996 -0.296859
0.049133 0.239475
-0.193292 0.086286
-0.245896 -0.226651
0.044171 -0.066914
-0.045695 -0.180662
-0.043003 -0.113539
0.113261 -0.025261
0.246190 -0.237879
-0.189943 -0.163826
-0.202937 -0.083111
0.226806 -0.202682
-0.143334 -0.134391
-0.108981 -0.007399
0.196683 -0.047250
0.292801 -0.295314
-0.044109 0.041934
0.244161 0.062600
-0.171780 0.298265
0.135949 0.172391
-0.068648 -0.209746
0.291729 0.188348
-0.023285 0.104989
-0.136913 -0.077095
0.167111 -0.026855
0.059079 0.264174
0.190034 -0.014116
-0.238508 -0.253300
0.151494 -0.047489
0.039301 0.048176
0.205261 0.032102
0.052863 -0.138847
-0.225964 -0.002976
0.223752 -0.097744
-0.004711 0.059702
-0.225353 0.226641
0.149956 -0.233624
0.114989 -0.173329
0.171365 0.278076
0.049576 0.038476
-0.048779 -0.191345
0.002650 -0.158745
0.094539 0.064141
-0.112045 -0.053967
-0.283348 0.227256
0.294209 0.221913
-0.040642 0.047072
-0.216934 0.033394
-0.255905 -0.293182
0.235650 0.039384
0.066520 -0.289703
-0.033975 -0.083525
-0.223327 -0.218986
0.043146 0.248038
-0.240910 -0.207278
-0.013486 0.010311
-0.098624 0.289164
0.151566 0.295915
0.053305 -0.260479
-0.058052 0.069957
0.266776 -0.063843
-0.008130 -0.073866
0.283228 0.074935
0.259528 -0.272676
0.081753 0.195178
0.066708 -0.151727
0.205475 -0.267268
0.064748 0.282148
-0.186254 -0.192106
0.230186 -0.127164
-0.099384 -0.083300
0.183147 0.101992
-0.094136 0.034713
0.097908 0.259169
0.074234 -0.260144
0.029126 0.041010
-0.023987 -0.279004
0.267144 -0.040759
0.095931 0.226672
-0.013435 -0.122316
0.121850 -0.246728
0.025957 0.027325
-0.213995 -0.209295
0.009473 -0.100249
-0.101401 -0.060341
0.072587 0.099215
0.156360 -0.044266
-0.898792 0.562224
-0.509553 1.099115
-1.078607 0.864680
-1.061029 0.850519
-0.994310 0.814984
-0.728485 0.572834
-0.525775 0.667446
-0.500494 0.760790
-0.754870 0.921356
-0.785938 0.571086
-0.951319 0.900066
-0.938209 0.958154
-0.500183 0.860390
-1.002187 0.872403
-0.940394 1.054172
-1.071863 0.860813
-1.083604 0.518584
-0.740072 0.537790
-0.716736 0.898900
-0.711691 0.988954
-0.986117 0.659823
-0.538212 0.588108
-0.772731 1.061293
-0.751102 0.572399
-0.717351 0.562960
-0.956515 1.031330
-0.636974 0.805276
-0.710517 0.962843
-1.034333 0.987296
-0.864754 0.725272
-0.658532 0.763383
-0.513914 0.957865
-0.818033 0.846014
-0.604346 0.565231
-0.955086 0.783963
-0.545816 0.758797
-0.656214 1.015972
-0.753095 0.671055
-0.622735 0.595803
-0.856546 0.759915
-0.941237 0.886939
-0.908756 0.521789
-1.007785 1.080727
-0.615369 0.657882
-0.631977 0.619878
-0.716846 0.809491
-0.716739 0.869240
-0.932644 0.565228
-0.984746 0.563010
-0.969541 0.760168
-0.753028 0.584643
-0.581035 0.690758
-1.099385 0.765870
-0.738186 0.977881
-0.738327 0.505267
-0.962205 1.020435
-0.707794 0.829040
-0.557776 0.984422
-0.790233 0.926855
-1.057696 0.677790
-0.553267 0.925458
-0.612719 0.829994
-0.905302 0.554637
-0.704777 0.809952
-0.982353 1.025681
-0.529880 0.964620
-1.089675 0.989085
-1.044622 0.510940
-0.945046 0.917192
-0.611179 1.016627
-0.677541 0.526617
-0.662937 0.714665
-0.744344 0.879286
-1.000913 0.565423
-0.893858 0.641390
-0.856787 0.652875
-0.533152 0.630495
-0.617131 0.661547
-0.914868 0.778092
-0.628501 0.802779
-0.896227 0.941619
-0.932602 0.714098
-0.769297 0.722776
-0.874962 0.985658
-1.060032 0.613859
-0.697715 0.962427
-0.959524 0.739348
-1.022908 0.996132
-1.081366 0.676178
-0.538445 0.724776
-0.782432 0.704768
-0.722349 0.784417
-0.764738 0.760520
-0.654037 1.020394
-0.561388 0.817462
-0.876827 0.642385
-0.940919 0.890571
-0.743517 0.989784
-1.086652 1.081521
-0.724558 0.553315
-1.004620 -0.922273
-0.584258 -0.864144
-0.682925 -0.507167
-0.968012 -0.664291
-0.930988 -1.006458
-1.039515 -0.613420
-0.801690 -0.661865
-0.929003 -1.066427
-1.001345 -1.083040
-0.546033 -1.062733
-0.765578 -0.922860
-0.920348 -0.606497
-0.532289 -0.563865
-0.716713 -0.518941
-0.582344 -0.941271
-1.065626 -1.086964
-0.763543 -0.549884
-0.851108 -0.946469
-0.557051 -0.719120
-0.510760 -0.988039
-0.625578 -1.050275
-0.501459 -0.927268
-0.612140 -0.930462
-0.893695 -0.513485
-0.913502 -0.939729
-1.076218 -0.579080
-0.762589 -0.896565
-0.685577 -0.794878
-0.960430 -0.902289
-0.813819 -1.042774
-0.743560 -0.779445
-1.029737 -1.007103
-0.829330 -0.780845
-0.853572 -0.886381
-0.999965 -0.864332
-0.774420 -0.525543
-0.814607 -0.775879
-0.952811 -0.926747
-0.606341 -0.746506
-0.940232 -1.019843
-0.586235 -0.916449
-1.098923 -0.848823
-0.713014 -0.684500
-0.543701 -0.573444
-1.086789 -0.857521
-0.516218 -0.730349
-0.536966 -1.045955
-0.637452 -0.866296
-0.726801 -0.991024
-0.652676 -0.626766
-0.755356 -0.927096
-0.652309 -1.069963
-0.602975 -0.505119
-0.896710 -0.709316
-0.751625 -0.736941
-0.629159 -0.837860
-0.553390 -0.628082
-0.586683 -0.766405
-0.812582 -0.630384
-0.839849 -0.799371
-0.987905 -0.856067
-1.029720 -1.024871
-0.802023 -0.567172
-0.791167 -1.028823
-1.058196 -0.943843
-0.555589 -0.713552
-0.770939 -0.707898
-0.683514 -0.873913
-0.713017 -1.080224
-1.083229 -0.964642
-0.717165 -0.612388
-0.702502 -0.770555
-0.740470 -0.789185
-1.036960 -1.053052
-0.919570 -0.776809
-0.752424 -0.807474
-0.532877 -0.682144
-0.732345 -0.834899
-0.749316 -1.023512
-0.763723 -0.707512
-0.867355 -0.819311
-0.921063 -0.538293
-1.027209 -0.504577
-0.912206 -0.640226
-1.084801 -0.895435
-0.504868 -0.701966
-1.007823 -0.707370
-0.972521 -0.648293
-0.996556 -0.909481
-0.601346 -0.816125
-0.586291 -0.853769
-0.523600 -0.619167
-1.035913 -0.755945
-0.954067 -0.685229
-0.679457 -0.617790
-0.892740 -1.046811
-0.937101 -0.713804
-1.085104 -0.864310
-0.718381 -0.897310
-1.004536 -0.703182
0.907255 -1.009404
0.694852 -0.600568
0.983225 -0.777669
0.851138 -0.513330
1.012849 -0.850208
0.770545 -0.673441
0.996023 -0.853055
0.807391 -0.539890
1.091001 -0.646676
0.874881 -0.688456
0.835535 -0.517859
0.964733 -0.601566
0.868337 -0.620371
0.634124 -0.950044
0.582318 -0.870412
1.046774 -0.610427
0.820184 -0.958374
0.889005 -0.896591
0.963956 -0.959857
0.690079 -0.723194
0.889935 -0.639376
0.703364 -0.814042
0.607569 -0.589245
0.746068 -1.001430
0.864080 -1.079050
1.010114 -1.000386
0.503091 -0.725154
1.098048 -0.728572
0.754475 -0.967828
1.021384 -0.763206
0.861760 -0.631842
0.726367 -1.018056
0.509784 -1.084629
0.785353 -0.626260
0.655514 -0.624568
0.750546 -0.554550
0.836056 -0.646090
0.731408 -0.656375
0.864665 -0.622524
1.042195 -0.971255
0.998426 -0.647691
0.728359 -0.598483
0.727155 -0.873592
0.772945 -0.618370
0.858580 -0.905671
0.718424 -0.979660
0.562487 -0.655210
0.702284 -1.027730
0.960162 -0.612363
1.046010 -1.084324
0.863069 -0.903445
1.061126 -1.000875
0.550465 -0.907467
1.042751 -0.684870
0.570010 -0.615054
1.043875 -0.531564
0.837254 -0.927766
0.969952 -0.535591
0.898641 -0.957103
0.946039 -0.942779
0.837226 -1.035537
0.777562 -0.700288
1.009253 -0.620154
0.971982 -0.730585
0.867483 -0.682008
0.885091 -0.969447
0.514548 -0.753783
0.729678 -1.034987
1.038750 -0.927571
0.980143 -1.091240
0.557374 -0.675982
1.077195 -0.705371
1.096251 -0.652852
0.859038 -0.705108
1.090045 -0.894923
1.052114 -0.772730
0.769539 -0.870325
0.626983 -0.921208
0.609521 -0.501035
1.048207 -0.622996
0.916958 -0.766702
0.507557 -0.668494
0.579515 -0.862765
0.996519 -1.081735
0.909664 -0.723338
0.527024 -0.632962
0.700680 -1.095780
0.761667 -0.903069
0.951367 -1.079296
1.091824 -0.658588
0.725781 -0.556063
0.668682 -0.604680
0.673612 -0.804335
0.574113 -0.816867
0.794631 -1.077680
0.660137 -0.988412
0.855618 -0.932306
1.043094 -0.664867
0.904929 -0.660387
0.953398 -0.885408
0.716275 0.980422
0.581630 0.916955
0.984642 0.843297
0.513886 0.836009
0.864001 0.505710
0.677421 1.089782
1.049647 0.846103
0.985102 0.623259
0.541768 1.059215
0.906393 0.836399
1.081535 1.066530
0.947987 0.837154
0.634224 0.891081
0.672287 1.039153
0.730695 0.525685
0.653745 0.946970
1.006107 0.735376
0.763925 0.890749
1.078673 0.777812
0.626758 0.842674
0.783521 0.804179
0.832456 0.733168
0.550282 0.717558
0.856428 0.592050
0.676774 0.662820
0.928449 0.658309
0.629350 0.776436
0.995462 0.763574
0.567517 0.567749
0.702727 0.798212
0.593434 0.856472
0.645182 1.099540
1.091848 0.909108
0.890289 1.070521
0.586919 1.017047
0.813194 0.870441
0.721226 0.545650
0.503609 0.771508
0.763209 0.860037
0.863558 0.939982
1.022857 0.692007
1.098291 0.552208
0.968443 0.993753
0.815782 1.035960
1.061502 1.018509
0.734173 0.554936
0.774981 0.879355
0.554476 0.766829
0.688463 0.944766
0.737349 0.775382
0.861813 1.050544
0.545823 1.083040
1.096194 0.549433
0.754548 0.759402
0.909470 0.518106
0.599384 0.832327
0.710113 0.597675
0.884535 0.578556
1.091429 0.600316
0.514517 1.052931
0.518825 0.748689
0.507866 0.793806
0.528044 0.562343
1.060635 0.716507
1.007108 0.697984
0.991890 0.768921
0.648528 1.037713
0.751961 0.644721
1.087145 1.006509
0.904124 0.896615
1.024615 1.003508
0.628942 0.634728
0.501183 1.013477
0.713284 1.092612
0.513793 0.727801
1.045542 0.532618
0.976491 1.053409
0.826424 1.004535
0.515751 0.787058
0.621042 1.022860
0.985042 0.512932
0.691781 0.533570
1.050645 0.943742
0.678291 1.037790
0.850251 1.082415
0.834405 0.774866
0.985923 0.963347
0.909594 0.987106
0.876824 0.522878
0.979717 0.890617
0.750679 0.925260
0.923235 0.627170
0.878669 0.649658
0.531705 0.894420
0.936717 0.652747
0.817280 0.821759
0.665679 1.009061
0.855329 0.616324
0.852803 1.033620
0.554114 0.603054
