1.131621 1.221860
1.011536 0.359294
1.633373 0.366943
1.169306 0.844312
0.050668 0.632519
0.122552 0.167318
1.953582 1.956117
1.747778 0.106154
0.537977 0.184676
1.761926 1.125146
1.327028 1.962882
1.923821 0.278894
0.446884 0.428834
0.023972 1.736781
0.663574 1.072224
1.113194 1.795196
0.294084 0.124730
0.154489 1.927456
0.491673 1.323795
0.771769 0.542341
1.956314 0.894321
0.709660 1.909896
0.850438 0.457438
0.016050 1.388414
0.642114 1.777976
0.513561 1.969142
1.740858 0.437382
0.248036 0.187743
0.866216 0.272008
1.924524 1.529790
1.344232 1.037717
1.324986 1.638315
1.162447 1.479475
1.565772 1.654120
0.803270 0.337540
0.196462 0.759585
1.231861 0.906121
0.669481 0.082299
1.363559 0.685531
1.470713 0.005673
0.463507 1.984274
1.974815 0.204365
0.421656 0.222850
0.392108 1.287871
0.494858 0.316632
0.817662 1.839090
1.354349 0.142647
1.477405 0.516796
1.622122 1.043177
0.170917 0.425392
1.380717 0.367378
1.184977 0.612579
1.273499 1.854458
0.694877 0.637058
0.539988 0.165591
0.642731 1.003496
0.149865 0.617545
1.207861 0.571520
0.840396 1.599969
1.859392 1.335254
1.916600 0.677053
1.174343 1.270949
0.819700 0.651748
1.787746 0.441822
1.694925 1.958662
0.867215 1.075642
0.326041 0.052191
1.688221 1.599540
1.906649 0.383098
0.236598 0.446637
0.548689 0.879329
1.450133 0.698553
1.496875 0.657994
1.270074 0.337271
0.257962 1.129466
1.672524 0.174563
1.806519 0.846868
1.445512 0.626219
1.498616 1.233258
1.068042 1.193541
1.191921 1.935256
0.269183 1.517961
1.987448 1.957404
1.117501 1.894096
0.340502 1.354100
0.340734 0.889190
0.233429 1.790866
1.587744 1.730304
0.448860 0.857818
0.067575 0.706822
1.987283 1.740099
0.881385 1.793802
0.586967 0.326898
0.420022 0.085583
1.560156 1.488064
1.279123 0.752076
1.423320 1.548306
0.270037 1.410767
1.505710 1.387539
1.304864 1.846211
0.741639 1.645597
0.735402 0.975068
1.436464 0.323146
0.705372 1.885324
1.180964 0.772947
0.592146 1.168247
0.513046 1.473532
0.962049 1.100013
1.800429 1.382071
1.185596 1.360585
0.870135 0.464719
0.112661 0.293455
0.013025 0.382699
1.704222 1.518735
1.770237 1.009086
1.364947 0.511876
0.654684 0.100349
1.486944 0.091147
0.423495 0.192316
1.976472 1.604458
0.965263 0.568618
0.772705 1.478309
0.042150 1.734755
0.578322 1.842579
1.116826 1.763918
1.203164 1.986961
0.228638 1.315825
0.280416 0.241663
1.698523 1.984638
1.760398 1.468761
0.993724 1.125345
1.980636 1.648407
1.225693 1.467580
1.739555 1.649188
1.659896 1.716026
1.253646 0.625159
0.284644 0.026351
0.103468 0.326794
1.761106 0.681790
0.169373 0.877932
0.445709 1.372537
0.864892 0.674346
0.688361 1.145308
0.916009 0.386885
1.129946 0.676407
1.855645 0.123670
1.801752 1.836282
1.772077 1.027445
1.303862 1.511632
0.676633 0.963758
1.227658 1.930279
1.588917 1.512303
1.956630 1.692384
1.839097 1.717735
0.374175 0.008469
0.595667 0.819883
1.381006 1.460559
1.494229 0.069367
0.605867 0.410238
0.456252 1.735813
1.086645 0.311898
1.859483 0.888397
0.148179 1.631560
1.915841 1.452041
1.143192 0.592474
0.415799 0.370850
0.522753 0.004716
1.883153 0.479382
1.697100 1.722250
0.197118 0.071275
1.730719 0.792785
0.891158 1.111725
0.253344 0.385387
1.181092 0.859212
0.795625 1.637344
0.595025 1.882270
1.949242 0.454508
0.770667 0.097421
0.086067 0.686509
1.549463 1.229259
1.278983 1.965262
1.600109 1.801735
1.969978 1.483262
0.281118 1.667078
1.205512 0.478236
1.738353 0.936231
1.271020 0.629512
0.047955 1.524365
1.014899 1.229048
0.383576 1.810524
0.866392 0.978601
1.692795 0.815634
1.433109 0.463462
0.913055 1.519176
1.149970 0.462517
0.748436 0.428953
0.427779 0.348545
0.230688 0.397757
1.831807 0.511806
0.064836 1.037319
0.990042 1.803189
1.973549 0.261062
0.432701 0.021505
1.785427 1.447600
1.250553 0.169003
1.258124 0.116945
1.147605 0.950919
0.932578 0.580714
1.414380 1.845633
0.099890 0.564351
0.308151 0.848326
0.993304 0.735930
1.196871 1.223992
1.133687 1.028678
1.735798 1.198523
0.065997 0.725840
1.001712 0.039546
0.986902 1.434413
0.061051 0.772329
0.882012 1.311604
0.941332 0.140136
1.428549 0.088937
1.091055 0.361127
0.669651 0.505435
0.206760 0.769541
1.069786 0.514911
1.617867 0.063090
1.250841 0.814738
1.287082 0.384528
1.843416 1.022880
1.583052 1.909413
1.748720 0.584764
1.948959 0.735622
0.019177 0.010011
1.507951 0.901189
1.321615 0.449283
1.041326 0.750163
0.538221 0.132380
1.111290 1.207872
0.637816 1.318050
1.977413 1.707601
1.832961 1.595280
1.770691 1.083802
0.410018 1.057773
1.468331 0.253434
0.080652 1.051382
0.162847 1.829372
1.636146 0.111806
0.564994 1.655323
0.121817 0.072945
0.556513 1.443431
0.522229 1.597838
0.193595 1.060449
1.730219 1.304885
0.268321 0.368034
0.622935 0.245734
0.075636 0.455896
1.841014 1.846327
1.539698 0.251032
0.904099 1.008029
0.504465 0.984752
0.059411 0.667312
0.814124 1.695558
0.779118 1.379118
1.350881 0.900935
1.452063 1.907393
0.344366 1.974291
1.505231 0.537961
1.034741 1.235450
1.842845 1.303062
1.603484 0.465780
1.548795 1.679120
0.921676 1.389809
1.525447 0.461375
1.640841 0.429546
1.469404 0.145306
1.414297 1.528815
0.812618 0.228421
1.224373 1.591737
1.607539 0.575253
0.492671 1.059602
0.482647 0.837038
1.033893 1.987878
1.374998 0.068634
1.223328 1.217844
1.371696 0.826813
1.683624 0.920491
0.505933 0.605300
0.310300 0.031380
1.066675 1.951141
0.460925 0.536079
0.096447 1.875223
0.064894 0.909066
0.103644 1.289266
0.500802 1.711183
1.864519 0.993474
0.770785 0.347166
1.830511 1.804678
0.335044 1.205510
1.873312 1.558373
0.423353 1.245008
0.385185 0.106977
0.165499 0.891118
0.712277 0.475799
0.922498 1.778952
0.426940 1.383423
0.315031 0.523387
1.258646 0.379925
1.432453 1.362290
1.669191 1.933255
1.073473 1.533710
0.926729 1.844258
1.880876 0.757240
1.648936 0.215920
1.962750 1.522248
1.774293 0.386103
0.767256 0.159478
0.493080 0.932755
1.050596 1.205357
1.408554 1.973094
0.984309 1.835494
1.356517 1.299340
0.358882 0.615163
1.679265 1.791335
1.977453 1.348455
1.724590 1.050926
0.882165 0.651319
0.895184 0.763041
1.408560 0.544120
0.978961 1.371310
0.066368 0.753254
1.757413 0.833623
0.912732 0.250493
1.766378 1.963328
1.455850 1.174932
1.936422 0.440159
1.010426 1.292939
1.739500 1.369308
1.908103 1.418765
1.160642 1.885556
0.767220 0.885233
0.936482 1.649386
1.536552 1.831665
0.412427 0.945112
0.375785 1.391388
0.316422 0.442152
0.144642 0.073834
1.275776 1.057374
0.324327 1.042154
1.020702 1.780177
0.217086 0.957125
0.220337 1.227512
0.250064 1.959837
0.596820 0.158167
1.378601 1.757462
0.043722 0.145822
0.642695 0.980204
1.795207 0.179247
0.811869 0.207634
1.124358 1.187654
1.599022 1.440780
1.629806 1.743664
1.514614 0.905582
0.801038 1.838942
1.947736 1.821740
1.619119 0.164822
0.778864 1.839456
1.392334 1.028929
1.799292 1.989153
1.187095 1.177894
1.746615 1.230817
1.323715 0.389310
0.211021 1.118922
0.568557 1.022890
1.326556 1.692915
0.210544 0.925578
1.133695 1.840350
0.669242 0.648309
0.745932 1.470279
0.487251 0.693667
1.292019 0.106370
0.858489 0.070883
1.945826 0.250822
1.099812 1.745118
0.239975 0.286907
0.923012 1.986591
1.517725 0.246727
0.375901 1.728746
1.365649 0.944458
0.751636 0.692205
0.637373 0.962179
1.617784 1.771068
0.802529 0.287025
0.419377 1.548461
1.757304 0.906628
0.242128 1.049323
1.012998 1.100616
1.120207 0.958824
1.351439 0.220019
0.703942 1.591414
0.506926 1.626953
1.578005 0.024651
1.873680 1.953906
1.753396 1.239329
0.898364 0.505032
1.931535 1.535737
1.467211 1.549318
1.306805 0.269740
1.836344 1.726182
1.818201 1.593648
0.632810 0.060329
0.642971 1.645808
1.160945 1.763178
0.604632 0.512384
1.983197 1.308574
0.103797 0.490123
0.935527 1.681802
0.514773 0.809207
1.635708 0.268169
0.048537 0.534072
0.773201 1.980072
0.069808 0.240412
1.529390 1.376613
0.510153 1.365734
1.102795 0.328353
0.959381 1.735605
0.388682 1.602352
1.381413 1.549627
1.365530 1.986046
0.062011 1.348727
1.294620 0.165808
1.838850 0.230147
1.847610 0.353623
1.039354 1.483318
0.621793 1.087891
0.017390 1.394994
1.067963 0.087199
1.635406 0.597353
1.463812 0.145559
1.963086 0.566607
0.473912 0.922468
0.302212 0.862594
0.524820 1.683625
0.412221 1.890351
1.669671 0.474232
1.239078 0.964291
0.640040 1.077928
1.194438 0.487650
1.431551 0.233792
1.970969 0.053344
1.321683 1.988359
1.448338 0.389646
0.075558 1.083744
0.986998 1.539369
1.229303 0.950085
0.105976 1.703215
1.872552 0.408188
0.565810 0.397373
0.091813 0.978031
0.287723 1.761484
1.452263 1.526801
0.725774 0.092303
0.604729 1.920212
0.579953 0.036280
0.154003 0.550922
0.089624 1.475686
0.539281 1.537962
1.865332 0.614839
0.621707 0.852330
0.154208 1.851010
1.802415 0.260184
1.554225 1.674967
0.668372 0.120035
0.072340 0.760184
1.098066 0.360063
0.521668 0.550329
1.886864 1.247442
0.642633 0.491593
1.167654 1.222586
0.527874 1.321657
1.773508 0.617498
0.797343 0.312789
0.155460 0.662675
0.927628 0.777167
1.515005 1.081836
0.628176 1.317420
1.342021 0.182402
0.992387 0.010393
0.302437 1.064727
0.770577 1.400503
1.424791 1.292245
1.950832 1.311655
0.539687 0.593465
1.803248 1.707341
1.816051 0.331122
1.028998 1.589559
0.948620 1.826341
1.902348 1.104080
0.489016 0.829976
1.881246 0.004021
1.911813 0.509423
1.321442 1.253833
0.691824 0.313829
1.264226 0.994261
1.378556 0.034803
0.394764 0.803347
1.327048 0.345596
0.115002 1.866735
0.939061 1.918250
1.574076 0.755112
0.249372 0.603074
0.344670 1.197991
0.429415 0.247018
0.302071 0.918431
1.076994 0.183317
0.922453 0.988807
0.692740 0.243894
0.242640 1.384564
0.557723 1.506866
0.378825 1.936280
1.541669 0.773588
0.739627 0.868718
1.119184 0.854628
0.735453 0.058245
0.772878 0.309529
0.813357 1.022250
0.912603 1.158028
0.220241 1.342018
1.405046 0.522312
0.260450 0.482040
0.705629 1.182902
1.470847 1.398369
1.426797 1.713488
0.782933 1.984520
1.220354 1.161758
1.920799 0.762023
1.935346 0.660426
1.630741 1.054530
1.515054 0.366194
1.112776 0.287932
0.675723 1.926133
1.310182 1.588326
1.084160 1.530423
0.930345 0.489206
0.052735 1.190794
0.971246 0.758364
0.373697 0.442094
0.156732 1.800493
0.155581 0.939665
1.785013 1.375935
0.101423 1.705813
0.137958 0.036769
0.366238 1.768698
1.091299 1.881292
0.134892 0.204075
0.169225 0.810615
0.130207 1.479406
0.398941 1.214367
1.009829 1.329286
1.703573 1.062564
0.520081 0.674820
1.820927 0.893777
1.116914 1.977660
0.694271 1.272495
0.917325 0.479284
0.648430 1.018748
0.185096 0.786387
1.055517 0.551335
0.555086 0.146816
0.432627 0.689978
0.350890 0.601852
1.500593 0.481098
0.081258 1.899535
1.695465 1.091087
1.228821 1.399038
0.153651 1.748901
0.073858 1.974578
0.642679 1.190772
1.952238 1.336950
0.463267 0.869563
1.816233 1.111696
1.888311 0.001330
1.898084 0.943828
0.552665 0.453169
1.090643 0.985292
1.143147 1.441533
1.587144 0.643741
1.922631 1.668402
0.543275 1.618096
0.759490 1.772096
1.017134 0.913141
1.520997 1.090993
0.887719 0.163676
0.281765 0.839957
1.500625 0.745031
1.709520 1.316859
1.856728 1.597831
1.318189 1.754811
0.541659 1.870853
0.207981 1.632302
0.856146 1.351128
1.073835 0.443289
1.994869 0.996466
0.111692 0.538144
0.614562 0.871181
0.310240 1.631696
1.784322 1.831237
0.722689 0.672041
1.994913 1.004454
1.511999 1.495538
1.749485 1.221519
0.812397 1.606213
0.819350 0.130586
1.361024 1.361008
0.001439 1.569005
0.993310 0.857585
0.920133 0.067145
1.300874 0.915002
1.063612 1.412566
1.453146 1.678174
0.283748 1.763385
1.309870 0.068070
1.594622 0.032559
0.740111 1.589535
1.037013 0.252110
1.085073 0.786498
1.473629 1.897471
0.392711 0.292978
0.028057 1.753735
1.653987 0.029496
1.322740 0.647297
0.887081 0.242873
0.714442 0.187955
1.157875 1.778054
1.600522 0.611020
1.456228 1.884269
0.374406 0.766097
1.952339 1.969028
0.798656 0.692450
1.558563 1.835669
0.944560 0.643637
0.622168 0.418189
0.541108 1.014879
0.711167 0.569164
0.768614 0.365154
0.598660 0.091354
1.012451 1.485741
0.334227 1.726894
1.673697 1.492102
1.504948 1.274218
0.103122 0.961175
1.158487 0.477528
1.727273 1.110826
0.446556 0.525929
1.803277 0.005119
0.361598 0.747837
0.648756 0.983766
1.166026 1.189864
1.998645 1.877193
1.759028 0.767259
0.242347 0.357688
0.858613 1.254798
1.843430 1.192840
0.981691 1.517126
0.684942 0.486639
0.791345 0.788064
1.447814 1.949832
1.265592 1.175086
1.060659 1.712148
1.701015 0.863936
1.717268 0.062613
1.611773 0.366024
1.046379 0.777798
1.555888 1.045024
0.654991 1.314916
1.812283 0.897337
1.672604 0.670895
0.152135 1.516034
1.863735 1.133826
1.033160 0.548677
1.620465 1.824505
1.336741 1.068279
1.774337 0.602334
0.243365 0.834996
0.314482 1.944380
1.698932 0.031750
0.006994 1.310704
0.397774 1.053373
0.088502 1.953661
0.098397 0.743493
1.268577 1.910679
1.640831 0.941181
0.581575 1.792966
0.457215 0.445310
0.926792 1.490375
0.993987 0.547257
1.314880 0.330729
1.615536 1.089217
0.933062 1.858901
1.924214 1.247544
1.803281 1.623145
1.279294 1.810275
0.933849 1.677068
0.863648 1.022352
1.630729 0.962045
1.765845 0.899306
0.872724 1.406675
1.840488 1.454299
1.199641 0.297703
1.899609 0.126433
1.788078 0.893596
0.673690 1.102958
1.224325 0.289226
0.192176 0.157387
0.148127 0.116389
1.404932 1.951408
1.739534 0.684226
1.761683 0.673384
0.361293 0.625330
1.695735 1.992022
1.587375 1.461580
0.891329 0.460099
0.868255 0.731816
1.914397 0.067896
1.029519 1.814006
0.194328 0.817597
0.707603 0.868018
1.920555 1.931928
1.157244 0.112731
0.089315 1.305371
0.229120 1.494247
1.256778 1.968654
0.178472 1.018461
0.642038 0.539766
1.643792 0.337773
0.531788 1.231166
1.799352 1.423117
1.691265 0.667607
0.154933 1.605663
0.735503 1.184452
1.419669 0.929831
0.002049 0.127272
1.797849 1.922604
0.059199 0.955093
0.035335 0.148514
0.260464 0.264455
1.642761 1.517242
0.233109 1.821234
0.535703 0.875147
0.360999 0.179495
1.212920 0.892787
1.410662 1.012272
0.315904 1.101927
1.679880 0.470837
0.707590 0.415382
1.655289 0.127259
1.345213 1.657338
0.254531 1.143062
1.579942 0.313730
0.098155 1.615277
0.462244 0.358619
1.879733 0.105006
1.875861 0.112842
1.926239 0.411564
0.987989 0.287238
0.591059 0.200909
1.180025 0.001721
1.213182 1.495929
1.103648 0.893061
1.966765 1.811238
1.308443 1.622054
1.938497 0.653656
1.279392 0.193027
1.796718 0.859334
0.506757 1.894874
0.474611 0.969002
0.253492 0.354344
1.074008 0.129353
0.467186 1.000247
0.540918 1.455175
1.287485 1.131977
1.656084 0.467510
1.133698 0.869266
1.963439 0.237346
1.762328 1.930204
0.048584 1.070771
1.552258 1.987080
1.724427 0.831649
0.180108 1.521146
1.690983 0.686865
1.416019 0.165594
1.655867 1.669512
0.519938 0.729875
1.798865 0.987124
1.730121 0.339783
0.442299 1.017606
1.471760 0.098383
1.485116 0.605458
0.967650 1.448554
0.842804 0.729977
1.378758 0.891388
1.800748 0.931016
0.878468 1.525175
1.762665 1.058576
1.046321 1.453648
1.745441 0.462340
1.619242 1.401308
0.131852 0.139180
0.131183 1.930717
1.126304 1.861304
0.270500 1.568603
0.878910 1.742260
1.666986 0.364026
0.347718 0.634636
1.812580 1.190522
1.364613 1.191338
0.081910 1.165361
0.122354 0.960378
0.690536 1.885019
0.018954 1.736857
1.338667 1.764395
0.199197 0.957910
1.165704 0.331049
1.097090 1.296887
0.261766 0.223394
1.158191 0.532266
1.791997 0.037101
0.274525 1.458984
0.401127 0.622243
0.093619 0.213706
1.812764 1.458232
1.405044 1.894674
0.623593 1.527398
0.855052 1.314129
1.412417 0.874006
1.050986 0.751084
0.638401 1.250184
1.708994 1.804105
1.581233 0.806084
1.100991 1.842999
1.029478 0.259182
0.375264 0.821476
0.296283 0.649790
0.280459 0.697410
1.272032 0.374079
0.911116 1.084797
1.832311 0.316161
0.979470 0.455904
1.843559 1.834522
1.770033 1.255976
0.708528 0.821020
0.007060 1.346929
0.071203 1.716054
1.151034 1.652436
0.522139 0.252025
1.495435 1.551617
0.511207 1.870699
0.373093 0.807490
0.520489 0.653552
1.504900 1.792521
1.027631 0.416016
0.877318 0.859942
0.732176 1.856788
1.315846 0.575735
1.691311 1.085880
1.831711 0.399838
1.906899 1.838771
1.746767 1.978103
1.554826 0.897801
1.630539 0.076964
1.149826 1.125973
1.628581 1.661033
0.996673 0.001674
0.468523 1.517162
0.655226 1.973423
1.309683 1.682856
0.389439 0.187001
0.542798 1.121615
0.043789 1.858644
1.697351 1.735100
0.944524 1.529062
0.134938 0.851423
1.367833 1.881706
0.829526 0.922659
0.779506 0.460065
0.999623 1.929332
1.586038 0.628204
1.590365 0.582711
0.629878 0.058889
0.099872 1.285104
0.032312 1.409555
0.967961 0.421751
1.596556 1.510759
1.543366 1.640345
1.369403 1.240717
1.375445 0.313927
0.769778 1.510383
1.165350 0.137611
1.392088 1.994876
1.060270 0.171595
0.454940 0.059893
0.100927 0.040978
0.688097 1.691292
0.623689 1.317976
1.750181 0.723561
0.603080 1.782493
0.133117 1.571041
0.204244 1.729673
1.081799 1.747610
1.370018 0.451202
0.988326 0.745463
0.765129 1.758104
0.255846 1.930479
1.895715 1.647934
1.925355 0.955985
1.819529 0.380295
1.015878 1.920456
0.421274 1.703976
1.611748 1.044963
1.021952 1.361930
1.768524 1.625032
1.144422 1.901641
1.196072 1.348666
1.631313 0.277871
1.096276 1.001331
0.729074 0.084602
1.746794 1.494203
1.842706 0.002639
1.424682 1.738422
1.650573 1.350037
0.694407 1.470102
1.730333 1.710286
1.390558 0.151606
1.414261 1.002306
1.196569 0.436213
0.364236 0.965093
0.061245 1.508658
0.866734 1.257317
0.857324 0.498047
1.535188 1.953600
1.499378 0.264262
0.038202 1.246172
1.758464 1.880909
1.248811 1.183147
1.619331 0.899384
0.533184 0.313738
0.369486 0.263516
0.024023 1.760044
0.415123 1.438285
0.762350 1.611692
1.874498 1.126586
0.576785 1.935742
0.635245 1.443519
1.193059 1.492569
1.941566 0.728247
1.446170 1.440944
0.992508 1.484372
0.687115 0.750973
1.365281 1.935926
1.934119 0.984611
0.835310 0.467303
1.298349 1.204796
0.730819 1.322372
0.964840 1.145942
0.760657 1.727190
0.757634 0.635154
0.853777 1.334419
0.570897 1.489022
0.777937 1.763955
0.981591 0.719503
0.492202 0.427761
0.160446 1.484710
1.912133 0.847562
0.235683 1.277413
0.783488 0.169802
0.262024 1.618798
0.637105 1.560373
0.823594 1.367925
0.882746 1.788433
0.513867 1.643402
1.515624 1.271501
0.278557 0.369401
0.605919 0.849454
1.858422 1.383856
0.613409 0.840013
0.103359 1.105611
1.267774 0.263805
0.590321 1.179907
1.111367 0.826004
0.457320 1.894854
0.995807 0.719345
1.513652 1.632912
0.279718 0.337245
1.000837 1.162464
0.125679 1.514704
0.805866 1.641303
0.786205 1.084423
0.010703 1.392124
1.933877 1.869125
0.775980 0.547286
0.709139 0.879339
1.652897 1.976913
1.143144 0.243218
1.156820 0.254511
1.069222 1.614141
0.149365 0.065029
0.333485 1.663017
1.697941 0.613204
0.000262 0.698778
1.775667 0.125941
0.213482 0.581534
1.767243 0.999687
1.665957 1.777946
0.391810 1.599833
1.647072 1.167791
0.147119 0.356211
0.047129 1.800016
0.333124 1.190273
0.043234 1.489944
1.444784 1.112456
1.104084 1.594149
1.177485 1.437570
1.257165 0.875426
0.050774 1.257427
1.574204 1.826441
1.383368 1.787686
0.407975 1.150611
0.787373 0.073932
0.928558 1.179183
1.673765 0.575630
0.346974 1.820884
0.931840 0.394103
1.620900 1.264964
1.584377 1.664134
0.754908 1.029161
0.776590 1.858993
0.623309 1.954075
1.296563 1.880475
0.829501 1.347336
1.137902 0.403705
1.173777 0.521270
0.191391 1.581752
1.671881 0.978764
1.655683 0.600439
0.157947 1.329448
1.176069 0.504921
1.150332 0.107909
0.899024 0.771232
1.372873 0.483401
0.435366 0.127781
1.512562 1.211955
1.986774 0.135871
1.166030 1.283337
0.016345 1.995531
0.630673 1.154247
0.399236 1.804450
1.675517 0.590628
1.386202 1.347398
1.569392 1.041885
1.947837 1.727340
0.371334 1.123906
0.232261 1.521666
1.231815 1.131285
0.292898 0.604688
1.614686 0.728264
0.732470 1.127248
1.940219 0.719244
1.263119 1.106250
0.002580 1.279464
1.101781 0.633253
0.433712 1.501017
0.437703 0.109229
0.091645 1.823905
1.456627 1.661037
0.865790 1.404464
1.388376 1.237124
0.528370 1.620637
0.758790 1.760184
0.751923 1.051688
0.364872 0.366609
1.779952 1.097342
1.493857 1.720171
1.816586 0.756976
0.826421 1.819166
0.036441 1.928202
0.452420 0.470152
1.429219 0.890123
0.579381 1.520864
0.714028 0.036008
1.181901 1.579819
1.440472 0.570278
0.816943 1.968841
0.190915 1.575733
1.729025 0.942837
0.627421 0.093898
1.309446 0.407373
1.191240 0.803303
0.127544 1.007825
1.560279 0.953965
0.826991 1.596720
0.882167 1.279411
0.066872 0.311386
0.169534 0.646253
1.832250 0.883562
0.682261 1.014151
0.463381 0.122733
1.584429 1.280324
0.091574 1.775344
0.856056 1.820599
0.718181 1.483477
1.914497 0.027627
1.890849 1.105737
0.830931 0.018393
0.113562 0.391210
0.972358 0.940553
1.987930 1.854525
0.219964 0.054803
0.165911 0.389498
0.701056 1.998161
1.273060 1.383318
1.012312 1.736441
1.506050 0.596740
1.016764 1.597624
0.372084 1.872820
1.418224 1.090265
1.356297 1.332721
1.117892 1.247146
0.438457 1.948823
1.265540 0.552019
0.340033 0.237898
1.492573 0.327963
0.092422 1.712537
0.382766 0.258333
0.102035 1.083823
0.256494 1.375095
0.467140 1.268805
1.111536 1.973191
1.865546 0.128300
1.570815 0.237630
0.001121 0.989039
1.327894 1.357418
0.321760 0.445786
0.604564 0.760217
0.394609 1.870104
1.312236 0.734642
0.108001 0.804809
1.062606 0.200424
0.517345 1.445372
0.458757 0.619380
0.529195 0.715251
1.994475 0.996335
1.984056 1.106011
0.969526 1.849602
1.234311 0.540342
0.087231 1.235432
1.529381 1.415125
0.592850 1.851140
1.860912 1.197414
0.611357 0.255521
1.067518 1.923593
0.990163 1.175519
0.728402 0.052768
1.375943 1.245748
1.498140 1.834700
1.865128 0.027335
0.549950 1.859603
1.023670 0.534006
0.965614 1.993196
0.383608 0.199925
0.533538 0.470839
1.435356 0.062919
1.885964 0.028206
1.914059 1.746876
1.225620 0.525416
0.002397 0.293137
0.449010 0.992560
1.468656 1.177412
1.045328 0.844599
0.423159 0.543469
0.679299 0.288287
0.570804 1.229249
0.147890 1.594474
1.763255 1.113504
1.587670 0.146862
1.313429 0.121209
0.617701 0.748785
0.184127 0.503666
0.776991 0.098186
0.250542 0.002611
0.623602 0.252939
0.295748 1.072612
1.245499 1.764405
0.250024 0.290827
0.609004 0.673183
0.834295 1.288302
0.961470 1.405099
0.517551 1.109360
0.999573 0.280805
0.222864 0.587243
0.427668 1.536292
0.708452 1.045369
0.285077 0.892579
1.549035 1.062068
0.990766 1.799577
1.064679 1.614368
0.052515 1.360427
0.686980 1.298014
1.124832 0.937003
1.588841 1.733835
1.610186 0.423136
1.022138 0.571656
1.828235 1.539688
1.681016 0.827808
1.820493 1.903880
1.415052 0.248161
1.440172 0.123504
1.293530 1.725249
1.016083 0.842565
0.787317 0.006849
0.642142 1.851996
1.621217 0.694657
1.212423 0.308197
1.992671 0.337255
1.245200 1.581512
0.071091 0.855387
0.004648 1.093228
1.427043 1.832884
0.632916 1.108059
0.660692 0.453410
1.011938 0.075744
0.701571 0.452110
0.199248 1.995101
0.177358 1.215331
0.837666 0.964675
1.222180 1.479808
0.816671 0.843397
0.174465 0.029094
1.151594 0.167136
0.366350 0.396795
1.748648 0.437440
1.252181 1.753296
1.530668 0.679224
1.586180 0.163585
1.787283 0.246873
0.616995 0.799221
0.322617 1.318566
1.251331 0.521865
1.313667 1.428689
1.737196 0.151333
0.393365 0.959376
1.631141 1.210036
1.802774 1.805605
1.239130 0.954368
1.972741 1.605480
1.351162 1.721389
0.042920 0.603343
1.474686 1.573588
1.282568 1.060866
1.737173 1.069850
1.307739 0.354168
1.869071 1.630355
1.672733 1.120402
0.152220 0.986400
0.549091 1.889416
1.137733 0.942456
0.848792 0.768874
0.152492 0.651566
0.574479 1.391622
1.605934 0.547221
0.997102 0.957096
0.268610 1.040022
1.560439 1.743295
0.613610 0.843007
0.804161 0.350784
1.912857 0.111900
0.704951 1.781928
1.742255 0.377685
0.902330 1.894475
1.364085 1.451422
1.783891 0.501818
0.393878 0.632683
1.270693 0.546370
1.284249 1.845172
1.937992 0.890182
0.392393 0.935094
1.847278 0.661002
1.975116 1.407718
0.404298 0.588727
0.250724 1.208459
0.939510 0.163582
1.320359 1.644462
1.945510 1.062614
0.022146 0.847840
0.957089 1.386231
0.299262 0.740980
1.888050 0.693140
1.373663 1.158742
1.239510 0.657912
1.003914 1.177502
1.548094 1.396307
0.112596 1.395372
0.057310 0.087712
0.803090 0.461607
0.676439 1.053814
1.670067 1.615949
1.217396 0.990426
1.260411 1.162906
0.053040 1.282557
0.010746 1.010129
0.668788 0.310008
1.751109 0.556838
1.003148 1.124772
1.715581 0.242657
1.782683 0.719495
1.420159 1.330777
0.115802 1.532755
0.726149 0.173112
1.620467 1.529239
0.634719 0.296906
0.583054 0.304786
1.912855 1.800449
1.295212 1.173266
0.963355 1.348252
0.455823 0.974101
0.358381 1.124611
1.284109 0.109490
1.681449 0.287257
1.234262 1.397030
0.529914 1.016945
0.116525 1.950073
0.347722 0.232327
1.482828 1.073871
0.405438 1.103296
0.603111 1.040158
1.400202 1.186164
1.344943 1.313057
0.986614 0.640155
0.486323 1.949969
1.988407 0.942146
0.924070 0.346788
0.066757 0.208179
0.456278 1.748206
0.495435 1.690539
1.145235 1.025349
0.707484 1.261760
0.975423 1.055206
1.494087 0.458251
0.129077 1.899525
1.561547 0.732188
0.939683 0.961749
1.918352 0.284626
0.274806 0.904966
0.924781 0.761130
0.854934 0.913188
1.703275 1.779004
1.259976 1.770032
1.987183 1.716254
1.518238 0.482618
1.406793 0.663473
1.507967 0.114276
1.925233 0.483389
1.169482 1.419320
0.941640 1.298559
1.318846 0.503188
0.030747 0.258529
1.464937 1.949099
0.543155 1.739743
0.854065 1.467937
0.500873 1.708999
0.381125 0.204148
1.488003 1.641101
1.974180 1.475186
1.357355 1.492418
1.957803 0.764147
0.155891 1.465770
0.878423 0.081125
1.949160 0.047906
1.500445 0.890800
1.346465 0.819291
1.393988 1.377212
1.077820 0.858924
1.326311 1.620975
0.598668 0.180375
1.088912 1.099540
1.889375 1.470037
1.303688 1.377378
1.111138 1.277869
0.852564 0.468492
0.770287 0.810367
1.232639 0.926178
0.276137 0.111063
1.007303 0.225297
0.158968 0.507749
1.116098 1.505433
1.327040 0.510085
0.882645 0.404860
1.369010 0.208956
0.025835 1.967677
0.389331 1.114747
1.067218 0.278706
0.584784 0.370906
1.656084 1.695922
1.648775 0.508647
0.164414 0.419061
1.319014 1.397054
1.345239 1.595151
1.508117 0.352543
1.820449 1.667085
0.860291 0.936546
1.172518 0.187331
1.446632 0.055163
0.592191 0.815642
0.264119 0.618027
0.783319 0.653450
1.732774 1.850537
0.932156 0.317558
0.221443 0.588239
0.013480 1.870217
1.096886 0.177895
0.289279 0.415900
1.574948 1.634518
0.011052 1.083065
1.987060 1.831501
0.750150 0.847352
0.768047 1.922668
1.034683 0.214679
1.977831 1.626874
1.030320 0.241950
0.244901 1.813639
0.895400 1.977675
1.664176 1.827556
0.295233 1.885619
0.415795 0.308714
1.755836 1.512682
0.486608 0.045114
1.928582 0.061557
1.679632 1.939634
1.144621 1.666693
1.771135 1.894771
0.514044 0.539181
1.817439 1.548727
0.753860 1.795270
1.175601 1.784180
0.037220 1.420502
1.597819 0.932620
1.398178 1.261995
0.760175 1.693411
1.147614 1.175970
0.002125 0.903450
0.688652 0.488733
0.948564 0.617234
0.550290 0.628196
0.556868 1.694911
0.294889 0.328003
1.589682 0.808933
0.867184 1.407121
0.357660 1.621044
1.202391 1.533262
1.405224 1.239611
0.953764 1.003044
0.172230 0.351942
0.265039 0.932406
0.045353 1.412652
0.108376 0.047478
0.316102 0.797028
0.536211 1.264666
1.414262 1.086501
1.892862 1.971130
0.781411 0.187751
0.299133 0.371093
0.996684 1.166317
1.778214 1.354345
0.787361 0.980605
0.887607 0.192585
0.220216 1.841371
1.195629 0.392446
0.193313 1.460667
1.324852 0.238666
0.873320 1.433228
0.286143 1.189422
0.230256 0.822354
0.454088 1.644518
1.908855 0.346950
1.615648 0.690266
0.534701 1.914780
1.061360 1.531386
1.081097 0.839574
0.885731 1.868458
1.820179 1.773337
0.061043 0.040395
1.614708 1.256671
0.432842 1.808021
0.717339 1.757693
0.046686 1.590658
1.190921 0.332830
0.780080 1.421177
1.155184 1.234168
1.065695 1.064038
1.581118 0.681342
1.754305 0.115819
-1.051798 -1.853252
-1.140249 -1.755257
-1.266925 -1.992044
-0.797097 -1.611822
-1.779502 -1.218442
-0.147410 -1.765010
-1.937449 -0.309903
-0.077880 -1.769505
-1.665095 -0.977644
-1.862626 -1.801047
-1.076810 -0.485221
-1.476741 -0.044045
-1.353358 -1.560146
-0.637010 -0.196399
-1.999219 -0.986893
-1.789870 -1.051017
-0.840145 -0.930119
-0.806274 -0.107070
-0.922163 -1.603371
-1.718892 -0.701665
-0.821813 -1.866302
-0.466675 -0.759261
-0.176204 -0.544556
-0.528766 -1.841300
-1.522200 -0.391392
-1.642347 -0.599011
-0.876613 -1.119088
-0.643056 -0.229971
-0.679235 -1.280065
-0.426370 -0.678453
-0.266958 -0.216240
-1.729470 -1.107103
-1.146359 -0.535744
-1.214173 -0.068522
-0.139115 -0.933064
-0.770187 -0.960927
-0.799366 -1.236862
-1.720189 -0.975571
-1.781418 -0.248955
-0.816870 -1.303618
-0.640346 -0.459217
-1.902628 -1.516959
-1.578305 -0.545684
-1.746930 -0.257540
-1.825749 -0.173300
-0.935993 -0.092707
-0.389541 -0.665463
-1.199810 -1.535900
-1.201207 -0.413983
-1.604422 -1.340322
-1.347047 -0.374609
-0.301249 -0.146413
-1.611471 -0.021438
-1.121984 -1.392889
-0.270392 -1.938854
-0.696506 -0.910739
-0.398071 -0.599135
-0.427698 -1.976377
-1.144819 -0.174628
-0.233916 -0.970567
-0.347928 -1.169909
-1.063275 -0.737469
-1.835372 -0.263085
-0.273369 -1.036579
-0.677067 -1.877791
-0.376901 -0.024114
-0.252399 -0.678150
-0.170528 -1.863870
-0.699587 -1.292512
-1.256759 -0.969980
-1.231366 -1.953265
-1.880718 -1.629438
-0.552400 -0.308416
-1.605814 -1.697219
-0.483044 -1.839730
-0.667786 -0.830972
-1.009639 -1.731061
-1.568441 -0.845011
-1.994145 -1.841810
-1.881590 -0.671213
-1.719601 -0.258491
-0.695327 -1.972000
-0.936640 -0.865855
-1.835871 -1.636227
-0.158367 -1.092629
-0.606207 -1.389733
-1.045895 -0.486925
-1.019171 -1.598295
-0.795341 -0.624985
-1.295513 -1.278385
-0.464715 -1.963300
-0.109357 -1.474355
-1.694360 -1.677798
-0.319366 -1.688505
-1.519609 -0.200956
-0.359718 -1.239209
-0.459446 -1.055045
-1.211210 -1.396086
-1.920900 -1.047080
-1.032314 -0.079266
-0.139709 -1.638521
-1.468999 -1.185604
-0.125446 -0.488170
-0.783899 -0.920787
-1.113155 -0.079412
-0.199172 -1.577870
-0.042711 -0.308529
-1.052224 -1.737072
-1.986327 -1.371590
-1.425577 -1.505936
-1.572545 -1.785295
-0.745145 -0.031991
-0.840340 -1.956355
-1.428078 -0.761240
-1.003435 -0.460392
-0.840506 -1.143144
-0.098912 -0.309505
-0.328749 -0.224358
-0.797675 -1.112647
-1.145145 -1.910830
-1.192060 -1.344316
-1.488699 -1.234771
-1.652845 -0.540923
-0.971843 -1.639172
-1.912513 -0.397420
-1.145108 -1.485059
-0.182715 -1.890253
-1.517050 -1.023055
-1.846608 -0.945128
-1.784294 -0.850043
-1.405519 -0.624800
-1.993187 -1.504432
-0.934305 -0.321936
-1.728790 -1.731980
-1.434583 -0.873935
-1.642810 -0.626643
-0.218251 -1.131509
-1.861414 -1.871096
-1.672433 -0.833256
-1.510269 -1.584946
-1.230676 -0.655376
-1.070004 -1.413391
-0.545630 -0.587054
-0.436445 -0.392237
-1.532182 -0.220739
-1.242280 -0.937702
-0.845539 -1.235467
-0.442133 -1.779844
-1.557403 -0.170923
-1.511824 -0.991986
-1.044858 -1.154634
-1.618629 -1.263110
-0.286143 -1.480043
-1.134206 -1.958576
-0.313299 -0.644475
-1.543522 -1.543976
-1.299851 -0.613526
-0.957367 -1.845480
-1.200580 -1.393812
-0.237718 -0.732762
-1.614552 -1.479998
-1.670464 -0.460091
-0.715465 -0.112597
-0.239935 -0.272868
-0.283521 -1.751760
-1.264855 -1.328379
-0.906394 -0.883484
-0.591489 -1.192537
-0.363527 -1.725695
-1.151113 -0.676826
-0.370169 -0.694634
-0.220802 -1.670020
-1.308160 -1.178168
-1.515501 -0.508740
-0.571980 -1.753219
-1.241502 -0.186532
-1.233216 -0.911966
-0.646623 -1.948681
-1.024564 -0.886558
-0.221550 -1.308084
-0.638318 -1.486404
-0.636464 -1.544712
-0.369888 -1.227952
-0.737249 -0.733415
-0.953647 -1.888361
-1.410241 -1.323816
-0.582996 -1.631042
-0.993836 -1.891156
-0.809210 -0.509337
-0.399896 -1.381191
-0.262556 -1.641398
-1.567722 -1.495772
-0.553364 -0.214345
-1.444453 -1.577928
-1.100903 -1.666003
-0.886013 -1.739221
-1.152407 -1.522476
-1.283933 -1.522295
-0.750428 -0.021181
-0.255710 -1.704075
-1.909543 -1.665951
-1.027891 -0.492538
-1.296993 -0.021728
-0.383694 -0.106203
-0.531065 -0.783590
-1.487394 -0.793620
-0.424988 -1.055116
-0.289392 -0.978352
-1.269461 -1.733846
-0.556280 -0.370365
-1.399849 -1.442293
-0.109586 -0.552256
-0.964769 -1.393519
-0.074552 -1.715198
-1.414700 -0.330262
-1.419273 -1.324243
-1.996213 -0.447164
-1.816782 -1.293206
-0.468892 -0.200476
-1.399409 -0.999957
-0.984066 -0.886803
-1.793577 -1.409053
-1.941920 -0.082970
-0.387406 -1.211381
-1.816816 -0.943686
-1.581746 -1.216665
-0.385980 -1.691332
-1.768921 -1.350749
-1.084850 -1.843473
-1.065946 -0.499550
-0.173735 -0.485219
-1.823793 -0.169948
-0.932384 -1.640575
-1.463155 -1.401276
-1.841051 -0.862564
-0.401232 -0.825116
-1.749367 -0.194810
-0.234169 -1.691287
-0.277779 -0.621575
-0.902668 -0.094595
-1.565262 -0.484414
-1.311260 -1.951241
-0.175745 -1.080181
-1.301990 -1.260595
-0.923654 -0.367936
-1.760145 -1.097390
-0.853156 -1.583939
-1.267338 -1.785539
-1.224514 -0.730493
-1.186815 -1.065564
-1.593057 -1.588047
-1.890680 -1.342424
-1.782857 -0.124849
-1.033711 -0.060636
-0.746425 -1.936379
-0.155232 -0.311686
-0.420792 -1.466491
-0.262928 -0.596537
-0.546672 -1.564917
-1.857132 -1.470327
-1.932854 -1.617278
-0.567716 -0.786010
-1.201216 -1.835054
-0.571549 -0.425730
-0.565547 -1.758364
-1.491294 -0.158604
-1.346411 -1.381974
-1.501028 -1.129268
-1.506823 -0.534739
-1.189904 -0.253248
-0.471117 -1.345136
-0.564934 -0.891909
-0.811627 -0.827862
-1.488447 -1.358300
-0.392779 -1.345579
-0.828627 -0.325633
-0.962857 -1.396343
-1.111643 -0.164073
-1.231397 -1.683191
-0.589803 -1.796944
-1.441555 -0.081097
-1.955548 -0.787966
-1.463070 -1.456576
-1.917234 -0.969893
-1.991314 -1.107139
-1.223141 -0.462432
-0.452274 -1.788075
-1.354341 -1.263902
-0.615937 -0.842788
-0.622202 -1.008716
-0.188367 -1.450828
-1.334349 -1.151223
-0.847171 -0.445992
-1.315296 -0.078569
-0.129183 -1.905099
-1.875513 -1.570738
-1.986196 -1.831061
-0.358704 -1.449266
-1.287637 -0.275939
-0.419160 -1.278952
-1.383077 -1.642301
-1.741383 -1.835352
-1.430377 -1.095724
-1.099254 -0.046314
-1.938512 -1.721455
-1.055030 -0.126878
-1.172284 -0.389379
-1.278102 -0.019455
-0.835371 -0.593398
-0.098024 -0.964554
-0.498498 -1.973537
-0.535292 -0.484694
-1.804599 -0.893996
-1.933960 -1.092236
-1.169935 -0.353120
-0.371187 -0.553012
-1.995421 -0.112570
-0.388364 -1.425798
-1.208295 -1.487618
-1.472112 -1.146806
-1.209073 -0.527142
-1.273685 -0.381357
-0.916521 -0.551787
-0.400812 -1.751891
-1.145185 -0.498836
-0.716445 -1.643683
-0.472374 -1.251737
-0.128377 -0.276972
-0.145733 -0.062337
-1.369208 -1.315668
-0.415457 -1.740396
-1.868680 -0.410878
-1.852966 -0.257044
-1.836677 -1.061260
-1.744662 -1.308789
-0.208067 -0.953735
-1.835930 -1.481752
-1.335092 -0.752451
-0.033538 -1.735904
-0.504342 -1.178723
-0.234740 -1.220787
-0.822406 -0.707114
-0.472524 -0.950783
-0.984087 -0.618257
-1.013119 -0.353295
-1.933925 -1.428576
-0.093691 -1.802605
-1.839455 -1.946657
-0.059649 -1.676132
-1.007917 -1.804311
-0.984920 -1.215984
-0.758045 -0.820850
-0.697736 -0.093137
-1.573301 -0.731274
-1.829041 -0.077643
-1.909997 -0.063782
-1.298430 -0.732403
-0.770896 -1.770954
-1.683186 -1.754983
-0.389211 -0.696305
-0.108278 -0.323135
-0.124882 -0.201968
-0.125740 -1.964337
-0.148625 -0.185389
-1.640468 -1.156542
-1.989700 -0.625388
-0.372526 -0.747745
-1.446238 -1.070262
-0.840883 -1.019540
-1.801535 -0.669924
-1.097183 -1.711532
-0.733706 -0.395613
-0.443935 -1.504602
-0.166567 -0.127121
-1.259585 -0.555778
-0.823426 -1.367863
-0.878914 -0.948308
-1.569831 -1.004654
-0.912644 -1.718456
-1.190043 -0.553112
-0.874999 -1.179743
-1.178500 -1.247525
-1.927488 -0.624739
-0.317787 -0.768371
-1.644278 -0.119322
-1.438294 -0.741461
-1.830855 -0.172000
-1.137074 -0.274790
-1.676602 -1.303642
-0.401911 -0.936187
-1.859420 -1.225337
-0.304050 -0.738333
-0.173645 -1.873881
-1.742987 -1.086289
-1.592337 -0.933030
-1.639401 -0.467336
-0.112772 -0.817901
-1.714861 -0.040260
-1.442640 -0.032647
-0.808631 -1.086918
-0.151970 -0.246925
-1.828379 -1.982824
-0.418925 -0.965454
-0.257614 -0.095528
-0.269096 -0.659525
-1.031715 -0.128515
-1.884862 -1.335765
-0.866849 -0.058507
-1.209646 -0.609836
-1.144795 -0.801983
-1.542866 -0.784196
-1.269319 -1.655638
-1.602097 -0.984180
-1.695898 -1.044737
-1.016827 -0.504529
-0.131656 -1.168797
-0.751454 -1.960035
-1.151621 -1.170380
-0.925489 -1.409235
-1.265907 -1.194585
-0.068760 -0.297622
-1.323100 -1.953622
-1.633387 -0.189949
-0.012128 -0.843032
-0.799785 -1.156924
-1.645015 -0.342650
-1.941120 -0.914334
-1.998288 -1.543217
-1.898514 -1.694186
-0.587955 -0.915341
-0.198715 -0.719610
-0.084137 -0.950169
-0.679646 -1.235758
-0.120549 -1.605134
-0.644992 -1.386456
-0.799719 -0.713752
-1.684078 -0.122819
-0.667374 -1.317464
-0.312768 -0.679502
-0.160497 -1.112552
-1.836426 -1.805512
-1.455202 -1.777546
-0.719846 -1.453490
-1.320763 -0.618359
-1.147676 -1.908718
-1.533700 -1.346391
-0.628328 -1.617837
-0.296560 -1.307974
-0.853594 -0.417109
-0.913108 -1.498587
-1.803565 -1.712827
-0.212339 -1.487642
-1.835647 -0.879713
-0.805107 -0.148415
-1.559215 -0.965603
-1.260967 -1.395641
-0.771115 -0.716169
-1.173187 -1.490961
-0.169660 -0.493950
-0.109320 -1.317336
-0.402668 -1.643020
-0.663727 -1.030996
-1.260857 -0.960287
-0.338970 -0.114451
-1.377396 -1.252078
-1.613038 -1.180960
-0.964906 -1.825377
-0.668603 -0.800552
-0.705089 -1.473709
-0.948967 -0.264304
-0.439313 -0.209934
-1.659945 -1.210428
-0.926103 -0.833132
-0.701389 -1.095763
-1.327082 -0.810709
-0.413099 -1.729750
-0.453729 -1.076826
-0.760746 -1.714586
-0.037113 -1.099715
-1.829037 -1.414509
-0.351794 -1.442075
-0.595469 -1.316699
-1.267452 -1.264072
-0.117251 -1.972541
-0.737782 -1.066218
-0.236845 -1.177095
-1.276152 -1.896790
-0.387523 -0.202256
-0.729922 -1.088912
-1.298019 -0.057004
-1.899621 -1.711118
-1.786753 -0.353350
-0.787944 -0.547499
-0.067936 -0.825058
-1.647214 -1.896973
-0.239567 -1.999008
-1.339049 -0.835037
-1.315707 -0.606500
-0.099109 -1.432959
-0.579041 -0.836890
-0.499177 -0.815887
-0.013985 -1.775329
-0.712677 -0.401508
-1.977585 -1.442599
-1.490419 -1.275604
-1.499603 -1.390040
-0.986722 -1.286356
-1.743390 -1.774666
-1.833855 -1.811327
-0.599724 -1.481070
-1.708300 -0.839291
-1.480078 -1.047348
-1.674328 -0.795785
-1.653849 -1.773436
-0.228743 -0.232890
-0.610327 -0.727920
-1.048777 -0.624312
-0.503249 -1.761454
-1.025819 -0.480834
-1.204053 -0.516238
-1.756437 -0.703655
-1.906279 -0.743159
-1.990011 -1.649669
-0.517825 -1.823866
-1.460996 -1.117550
-1.304936 -1.169295
-1.956841 -0.785013
-0.216644 -1.631168
-1.580798 -1.870492
-1.404605 -1.809541
-0.103383 -0.014931
-0.537461 -1.152159
-0.639243 -1.040710
-0.913613 -1.665062
-1.521544 -0.117666
-0.181301 -1.277982
-0.821321 -0.087579
-0.021141 -0.811333
-1.737248 -0.538967
-0.635199 -1.198244
-1.656516 -1.940135
-0.367539 -1.613357
-0.725148 -0.584183
-1.244525 -0.305946
-0.454675 -0.649130
-0.115488 -0.558058
-0.664061 -0.652949
-1.710217 -1.303304
-1.693660 -0.623830
-0.968366 -1.215204
-0.741496 -1.149666
-0.493186 -1.562817
-1.237246 -0.514327
-0.374150 -0.974494
-1.053293 -1.009349
-0.172738 -0.709809
-0.949484 -0.540277
-0.323166 -1.674632
-1.124460 -1.567691
-1.980579 -1.579135
-0.216820 -0.096066
-0.137193 -0.880881
-0.749016 -1.847411
-0.184185 -0.442675
-0.471241 -1.152551
-1.657879 -1.212737
-0.302217 -0.151065
-0.775555 -1.539462
-0.665392 -1.149705
-0.513956 -1.718685
-0.159054 -0.686694
-0.428495 -1.108538
-1.226971 -0.751661
-0.783170 -0.351431
-0.319352 -0.763749
-1.930567 -0.536172
-0.859815 -0.067760
-1.417054 -1.608831
-1.915170 -1.601239
-0.051506 -0.386411
-0.753789 -1.709386
-1.599149 -1.056006
-1.860451 -0.374703
-0.595469 -0.525843
-1.524408 -1.109425
-0.244528 -1.683462
-1.796119 -0.673023
-0.792000 -1.023090
-1.424684 -1.575170
-1.374521 -1.744035
-0.338919 -1.305088
-0.280208 -1.198735
-1.372848 -1.697261
-0.807566 -1.288018
-1.298500 -0.859072
-1.674429 -0.052289
-0.568458 -1.273578
-1.108296 -0.428909
-1.648281 -1.703765
-0.954751 -1.172689
-0.813190 -1.199279
-0.856152 -0.609309
-1.872302 -1.648152
-1.632399 -1.296986
-1.223322 -1.006920
-1.041021 -1.562241
-0.312008 -1.321229
-0.760976 -1.684856
-1.018490 -1.568542
-0.972874 -0.316990
-0.427614 -0.647303
-0.369279 -0.996072
-1.920881 -1.477575
-1.424981 -1.569162
-1.181340 -0.379732
-0.741851 -1.994529
-1.579012 -1.598003
-0.603838 -1.451314
-1.246155 -0.236237
-0.748299 -0.469477
-1.243158 -1.789320
-0.031718 -1.555166
-1.110549 -0.792695
-1.240022 -0.129038
-0.361237 -0.212896
-0.446028 -0.788851
-0.860199 -0.815307
-1.784923 -0.781080
-0.292882 -1.209904
-0.350242 -1.474222
-1.589637 -1.092093
-1.468752 -1.168648
-0.690096 -0.072590
-0.619962 -1.936252
-0.308827 -1.368261
-0.405728 -1.551985
-1.157581 -0.437447
-1.107151 -0.268130
-1.230141 -0.347173
-0.397168 -1.591378
-0.560069 -0.843197
-0.380229 -1.420268
-1.658504 -0.165152
-0.201348 -1.951386
-1.375057 -0.551590
-1.425609 -0.964693
-1.643683 -0.894360
-0.133341 -0.333780
-0.966950 -0.753303
-0.270031 -1.275777
-0.121564 -0.675760
-0.827762 -1.279145
-1.113207 -1.934913
-1.547275 -0.343348
-0.282086 -1.944444
-1.934726 -0.842155
-0.787640 -0.314955
-0.262423 -0.446144
-0.480108 -0.463771
-0.397531 -1.855164
-1.015361 -1.823139
-0.819857 -0.659044
-0.717499 -0.953199
-0.992824 -1.684449
-1.706502 -1.262856
-0.960226 -1.828066
-1.938615 -1.787988
-1.107211 -1.051822
-1.722901 -0.654487
-1.395170 -0.004986
-0.598931 -1.329897
-0.847141 -1.386571
-1.644852 -1.109564
-1.832715 -0.124960
-1.573335 -0.230246
-1.980124 -0.588696
-0.053385 -0.799981
-1.247740 -0.770884
-1.753180 -0.240564
-0.455333 -1.459682
-1.503420 -1.415560
-1.287748 -1.442035
-1.203548 -0.394959
-0.493857 -0.926448
-1.049446 -1.889027
-0.931435 -1.648376
-1.218924 -1.778576
-1.034947 -0.863776
-0.888140 -0.867662
-0.988735 -0.461475
-1.097908 -0.968859
-1.050170 -1.151292
-1.768841 -0.297911
-1.922177 -1.522020
-0.538475 -0.377510
-0.981702 -0.041895
-1.793070 -0.269450
-1.483930 -0.996618
-0.664409 -1.977787
-1.923066 -1.713854
-1.866814 -0.854501
-1.362231 -1.085738
-0.633077 -0.397178
-1.949513 -1.521216
-1.264840 -0.938249
-1.982691 -0.362748
-1.907108 -1.032861
-1.514040 -1.675949
-1.330772 -1.436217
-1.197969 -1.869247
-1.813727 -0.179671
-1.911142 -1.606797
-0.449121 -1.395071
-0.603414 -1.113529
-1.372858 -0.526480
-0.827384 -1.239672
-1.380981 -0.189614
-0.325410 -0.014058
-0.586792 -0.274923
-1.535274 -1.851632
-1.213172 -1.517965
-0.214380 -1.120280
-0.550827 -1.728421
-0.796229 -1.881599
-1.164638 -1.994198
-1.750846 -0.978364
-0.173869 -1.661987
-0.585161 -0.622990
-1.057059 -1.188575
-1.736519 -0.429917
-1.715056 -0.563902
-1.669589 -1.096037
-0.753517 -1.994998
-1.110095 -1.340309
-0.269921 -0.645369
-1.191941 -1.483093
-0.163334 -1.406322
-0.603373 -0.714161
-1.134743 -1.399602
-0.595760 -0.299380
-1.393799 -0.346605
-1.277745 -1.567668
-0.008592 -1.862906
-0.190658 -1.065651
-1.051481 -1.927177
-1.495568 -0.766537
-0.491079 -1.165156
-1.862574 -1.244596
-1.160155 -0.972669
-0.584905 -1.430076
-1.618038 -1.776846
-0.913169 -1.781373
-1.183168 -1.516542
-0.495534 -0.317911
-0.916144 -1.091293
-0.617291 -0.309943
-1.437898 -1.895036
-1.877612 -1.446491
-1.757941 -0.068269
-0.512142 -0.809422
-1.995446 -0.007709
-1.575959 -0.486525
-1.172866 -1.438533
-1.731121 -0.333020
-0.411202 -0.316025
-1.763096 -0.029240
-0.092872 -0.676265
-1.810613 -1.276040
-0.192808 -0.306146
-1.593951 -1.108952
-1.397439 -0.211242
-1.418895 -0.835338
-0.106277 -1.296507
-0.281828 -1.864219
-1.364776 -0.793970
-0.673641 -1.360222
-0.801679 -0.249600
-1.846747 -1.974545
-1.688133 -1.577868
-0.307565 -0.099334
-1.893893 -0.070662
-0.128574 -1.986765
-0.746927 -1.939187
-1.262805 -0.939735
-0.245333 -0.856756
-0.048687 -1.642772
-1.067998 -1.467582
-0.478110 -1.174275
-0.764089 -0.759938
-1.038494 -0.128865
-1.553908 -1.712135
-1.489088 -0.355588
-1.961734 -1.335835
-0.330133 -1.649867
-0.913703 -0.637698
-1.749201 -0.807597
-0.708360 -1.877775
-0.794362 -1.455287
-1.816962 -0.057167
-0.395022 -0.062295
-0.913923 -0.443709
-1.705068 -1.981921
-1.911291 -0.183177
-1.156196 -0.675380
-0.943116 -0.194690
-0.804246 -0.497024
-1.906825 -0.293334
-0.852612 -1.868559
-1.629169 -1.182745
-1.518426 -0.542872
-1.820443 -1.267627
-1.350469 -0.528803
-1.145402 -0.144831
-1.984090 -0.962364
-0.201998 -0.379113
-1.024659 -1.115921
-0.822822 -0.729727
-1.097842 -0.734113
-0.912904 -0.254038
-1.409494 -1.856020
-0.448728 -0.213740
-0.353044 -0.355553
-0.507073 -1.205656
-0.224113 -0.136242
-0.388400 -1.742538
-0.679114 -0.208843
-1.010165 -0.029583
-0.737646 -0.155567
-0.174414 -0.721737
-1.117931 -0.376412
-1.100849 -0.142591
-1.492332 -1.923671
-0.872317 -0.590174
-0.657785 -1.785221
-0.844212 -0.067279
-1.641241 -1.292940
-0.281018 -1.994285
-1.648494 -0.788092
-1.199941 -1.872606
-0.924334 -1.588341
-1.615145 -1.603448
-1.797184 -0.625310
-1.633032 -0.534830
-0.780877 -1.807446
-1.256566 -1.898809
-0.183857 -0.357416
-0.041399 -1.676190
-0.281087 -0.913716
-0.266364 -0.938872
-0.698938 -1.110576
-1.006151 -0.340179
-0.403516 -1.287169
-0.334465 -0.052010
-0.075261 -1.534405
-1.924616 -0.999595
-1.122746 -1.539761
-0.603043 -0.919930
-0.165071 -0.236075
-1.454760 -0.945948
-0.043520 -0.711326
-0.844757 -0.227378
-1.068742 -0.886156
-1.903567 -1.349829
-1.799872 -0.169931
-0.288702 -0.498810
-1.280506 -1.294852
-0.838989 -1.684022
-0.582022 -1.173454
-1.736032 -0.657283
-0.707859 -1.660648
-1.656877 -1.830605
-1.200409 -0.259920
-0.750535 -1.365480
-0.495995 -0.205296
-0.311428 -0.539516
-0.916622 -1.156184
-0.766893 -1.985364
-0.042340 -0.670461
-1.335194 -1.842212
-0.840391 -1.623895
-0.341022 -0.120898
-0.918748 -1.180012
-1.804920 -1.500770
-0.353466 -1.540952
-0.158052 -1.061325
-1.201600 -1.814930
-0.891930 -0.402009
-0.074850 -1.642466
-1.767489 -0.570845
-1.847761 -0.078917
-1.110361 -0.764383
-1.235101 -1.877254
-0.749748 -1.277442
-0.547715 -0.084941
-1.119654 -1.388106
-1.708837 -1.460677
-1.509004 -0.627585
-0.640688 -1.313923
-0.128354 -0.994154
-0.854875 -0.286407
-0.055479 -0.056476
-0.101336 -0.947409
-0.458485 -0.176186
-0.589875 -0.225974
-0.747032 -0.437636
-0.304891 -1.857392
-1.202019 -1.539992
-1.734646 -1.951767
-0.817433 -0.282361
-0.036708 -1.937088
-1.670467 -1.745545
-1.397764 -1.179470
-0.373129 -0.038453
-0.493394 -0.501483
-1.032606 -1.348269
-0.787890 -1.088085
-1.404745 -0.889226
-0.035494 -1.863229
-1.065413 -0.625369
-0.089203 -1.812444
-1.063005 -0.394094
-1.669837 -0.265024
-1.934085 -1.404483
-0.216791 -0.751519
-1.686844 -0.253499
-0.688606 -1.357311
-1.999043 -0.086370
-0.536781 -0.372172
-0.124823 -1.030175
-0.873656 -1.157429
-0.378444 -1.661546
-0.245515 -1.783189
-0.550772 -0.281009
-1.646418 -1.616185
-0.906378 -1.735621
-1.428629 -1.969383
-0.129715 -1.098466
-0.234407 -0.063800
-0.502949 -0.451198
-0.815319 -0.189793
-0.704696 -1.503925
-1.547104 -0.703739
-1.590296 -0.083885
-1.075912 -1.715119
-1.114060 -1.949567
-0.872548 -1.492504
-1.611113 -1.118063
-1.275693 -0.161885
-1.399072 -0.922112
-1.778070 -0.305449
-0.657733 -1.206700
-0.274832 -0.787448
-0.305166 -0.509239
-0.851248 -0.808115
-0.960436 -1.666567
-0.997908 -1.665132
-1.170492 -0.545012
-0.368872 -0.760788
-0.628898 -1.444783
-0.475907 -1.742958
-1.394351 -1.348455
-1.235462 -1.005464
-0.466518 -0.511155
-1.167349 -1.865589
-1.433267 -0.945420
-0.171039 -0.091000
-0.152120 -0.445871
-0.878447 -0.457286
-0.955109 -1.729695
-1.265401 -1.915546
-1.396262 -0.263309
-1.580678 -0.566754
-0.808321 -1.949550
-1.327542 -1.437219
-1.394333 -1.803449
-1.180177 -0.788684
-1.151904 -0.415639
-1.794148 -1.618422
-0.926794 -0.961498
-1.484011 -0.360061
-1.906917 -1.655050
-0.451061 -0.059037
-0.100921 -1.329508
-0.516322 -1.056030
-1.059203 -1.781723
-0.971575 -0.455465
-0.045032 -0.552253
-1.022219 -0.853353
-0.501803 -0.349762
-0.290572 -1.896136
-0.153211 -1.470749
-0.684820 -1.305115
-1.886387 -0.478968
-0.923537 -0.813181
-1.440466 -0.407548
-1.173242 -1.347383
-0.062598 -1.624303
-1.406420 -0.163518
-0.953811 -1.922743
-1.219548 -0.013014
-1.704466 -0.191123
-0.468479 -1.749498
-0.743377 -1.490699
-0.602851 -1.245180
-1.840461 -0.893423
-1.141316 -1.993671
-0.364171 -1.826136
-1.298786 -0.250559
-0.305104 -0.222323
-1.063740 -1.745570
-0.629871 -0.236982
-1.092953 -0.692468
-1.861285 -0.499374
-0.855986 -0.815096
-0.422116 -0.075534
-0.828110 -0.126582
-0.266658 -1.296590
-1.876080 -1.010034
-0.787289 -0.478930
-0.255214 -0.627749
-1.372353 -1.396530
-0.621421 -1.736525
-1.222666 -1.920207
-1.987083 -1.527770
-0.142530 -1.050823
-1.273340 -0.772400
-1.287806 -0.366294
-1.464869 -1.149091
-0.865667 -0.320855
-1.964187 -1.287784
-0.396389 -0.792298
-1.414366 -0.663047
-0.088887 -1.290445
-1.673081 -0.876176
-1.769375 -1.928295
-1.503926 -1.141728
-1.324825 -0.125346
-0.878253 -0.547490
-0.045553 -0.865336
-0.075260 -0.188083
-1.916160 -1.348601
-0.960484 -1.203965
-1.714894 -0.425353
-0.353056 -0.580561
-0.746208 -0.317243
-1.868345 -1.142597
-1.109541 -1.282710
-1.805644 -1.198428
-0.573155 -1.478725
-0.074604 -0.342531
-1.407020 -1.578530
-1.484259 -0.731845
-1.703876 -0.362512
-1.279335 -1.749429
-1.227849 -1.354596
-1.937513 -1.144008
-0.703196 -0.897997
-0.347973 -0.418090
-1.323349 -0.701029
-0.998652 -0.069557
-1.018272 -0.866996
-1.212153 -0.127813
-0.149707 -1.017797
-1.326241 -0.722862
-0.496522 -1.400846
-1.065393 -1.903542
-0.979375 -0.549652
-0.635387 -0.683252
-0.912165 -1.914722
-0.432681 -0.140013
-1.269318 -0.370194
-1.284021 -1.972514
-1.268190 -1.631994
-0.390604 -0.591539
-0.333023 -1.389256
-0.661096 -1.351296
-0.256252 -1.873249
-1.479109 -0.405959
-0.891047 -0.805350
-1.128821 -1.387569
-0.206195 -0.194214
-1.291111 -1.185571
-0.743866 -1.926499
-1.868822 -1.656031
-1.841221 -0.301503
-1.796044 -1.110539
-0.671697 -1.080065
-1.083054 -1.939888
-0.712059 -1.473658
-0.531427 -1.045082
-0.862914 -1.192523
-0.396378 -1.119166
-1.065772 -1.875487
-1.525126 -1.956819
-0.680836 -0.653947
-1.344388 -0.887032
-0.848161 -0.635499
-0.072602 -1.592027
-0.561998 -1.941424
-1.248058 -0.403219
-0.242928 -1.044102
-1.513759 -0.914625
-0.124166 -0.596812
-0.854512 -0.836226
-0.070470 -1.385939
-1.881308 -0.933384
-0.578462 -0.277686
-0.052551 -1.644234
-0.153173 -1.577676
-1.601053 -0.834009
-0.231623 -0.945441
-1.721041 -1.079783
-1.580941 -1.793643
-0.671810 -0.142939
-1.735067 -1.919868
-0.546158 -1.977995
-0.963970 -0.059917
-0.892620 -1.088136
-0.656729 -1.747132
-1.924362 -0.727200
-1.133072 -1.805670
-1.660584 -1.711534
-0.083356 -1.713135
-1.355768 -0.236529
-1.290811 -0.956821
-1.070538 -1.522434
-1.902263 -0.791579
-0.602217 -1.483204
-0.585222 -1.274027
-1.626143 -0.320289
-1.193896 -0.172301
-0.298284 -0.157865
-0.232218 -1.190904
-1.246001 -0.888948
-0.938037 -1.170363
-1.616147 -0.071108
-0.976033 -1.276731
-1.782642 -1.059389
-0.989866 -1.138410
-1.295918 -0.280677
-0.095231 -0.366456
-1.803110 -1.997494
-1.158035 -0.405328
-1.480698 -1.743257
-1.679355 -1.106841
-0.063546 -0.873251
-1.279142 -0.361830
-1.031116 -1.511361
-1.552734 -0.277117
-0.400308 -0.490771
-1.447480 -0.016456
-0.561880 -0.423513
-1.293187 -0.344522
-1.482903 -0.283052
-1.482932 -0.778821
-0.563729 -1.578163
-1.145277 -0.366839
-1.575657 -0.303312
-0.772167 -1.056356
-0.046569 -0.451522
-0.163197 -0.110114
-1.324773 -1.442339
-0.471945 -0.355888
-0.953700 -0.024679
-0.633005 -1.354009
-0.515450 -0.080486
-1.370464 -1.077330
-0.503999 -0.663651
-1.421852 -1.986901
-0.946703 -0.904783
-0.765722 -1.510432
-0.482947 -1.910999
-1.877272 -0.058604
-0.214311 -0.649439
-1.114960 -0.260879
-1.100961 -1.278157
-0.370994 -0.425733
-0.720496 -0.842938
-0.781622 -1.674196
-0.867617 -1.414627
-1.028204 -1.383068
-1.495113 -0.398669
-0.460398 -1.999112
-1.062320 -1.882249
-1.986013 -0.009023
-0.787033 -0.751735
-1.519455 -1.269979
-0.662734 -1.396727
-1.328583 -0.877044
-0.046165 -0.443543
-1.137923 -1.147126
-1.721699 -1.508917
-1.572860 -0.442195
-0.351855 -0.354481
-0.116391 -1.219473
-1.769109 -1.144596
-0.602540 -1.264221
-1.543264 -1.062938
-1.263333 -0.605584
-0.945188 -1.249346
-0.614607 -1.732220
-0.001081 -0.134062
-1.002200 -0.663814
-1.530789 -0.330783
-1.540859 -1.576954
-0.774326 -0.678782
-0.724080 -0.496026
-0.187699 -0.296940
-0.938221 -0.539554
-0.651421 -1.054612
-1.759027 -0.420530
-0.199207 -0.361567
-1.684751 -1.742471
-1.424506 -0.948084
-0.348055 -0.369693
-0.197429 -0.962662
-0.101914 -0.198510
-1.096724 -1.104113
-0.862324 -0.627512
-1.434896 -0.403182
-0.204467 -0.209222
-1.081964 -0.928547
-0.705248 -1.269663
-1.225487 -1.643469
-1.809218 -1.876908
-0.698080 -1.568244
-0.297438 -0.897287
-1.929812 -1.982189
-0.639759 -1.354317
-0.930273 -0.987814
-1.724010 -1.127702
-1.950476 -1.825924
-1.326212 -1.047200
-0.930037 -0.188536
-1.674712 -0.364934
-0.591719 -1.879179
-0.574156 -1.673683
-0.807726 -1.279404
-0.943346 -0.033213
-0.922873 -0.752564
-1.910121 -1.620953
-0.320808 -0.207559
-0.518240 -0.250620
-0.189748 -1.157999
-1.604937 -1.120021
-0.145813 -1.328948
-0.247723 -0.096289
-1.154872 -1.573936
-1.143489 -0.084909
-1.762472 -0.818201
-0.449843 -0.354190
-0.697380 -1.023999
-0.027873 -1.505106
-0.303403 -0.971219
-1.538319 -1.226276
-1.723783 -1.448440
-0.847229 -0.044591
-1.655999 -1.365469
-0.295211 -1.845747
-0.523469 -1.900149
-0.965768 -0.669282
-1.229096 -1.213492
-0.765571 -0.383968
-0.787428 -1.909060
-0.468878 -0.549899
-0.727261 -0.918721
-0.904089 -1.424642
-1.942720 -0.931962
-0.929748 -0.246124
-1.903182 -0.468067
-1.472400 -1.626965
-1.916507 -0.319629
-1.671556 -1.572506
-1.685098 -1.966767
-1.418253 -0.208567
-1.866916 -0.384021
-0.877848 -1.096012
-1.597513 -1.643419
-1.479980 -0.384941
-1.552479 -1.948858
-0.934840 -0.279741
-0.867579 -1.838929
-1.704382 -0.810299
-0.770892 -0.634130
-1.056422 -0.674074
-1.102197 -0.528822
-0.301039 -1.018703
-0.848451 -1.972595
-0.591209 -0.533549
-1.939362 -0.009462
-0.742116 -1.806278
-0.393483 -1.619964
-0.902290 -1.990996
-1.263383 -0.382270
-0.375937 -0.815863
-0.331128 -1.310777
-1.095603 -1.198707
-1.149706 -0.799985
-0.009006 -1.920598
-1.434115 -1.065428
-0.594672 -0.536312
-1.594250 -0.895710
-1.555016 -0.442701
-0.868305 -0.146225
-0.976250 -0.807667
-0.155687 -1.718365
-0.613945 -0.549170
-1.338330 -1.516235
-0.540166 -0.601713
-1.898505 -0.916103
-1.417575 -0.229634
-0.226880 -0.513178
-1.428341 -1.376587
-1.313164 -1.437347
-1.297185 -0.747279
-0.502775 -1.891857
-1.283591 -0.097025
-0.787567 -0.838607
-0.539726 -1.655872
-0.984832 -1.515976
-0.463540 -1.140518
-1.234342 -1.077485
-1.689688 -0.572671
-0.593720 -0.229855
-1.174384 -0.492226
-1.145958 -0.591959
-0.721859 -1.372838
-1.105138 -0.150200
-0.749425 -0.418301
-1.587547 -0.046610
-1.165580 -0.090322
-1.938467 -0.449172
-0.187347 -0.726034
-1.287778 -0.727073
-0.381906 -0.272610
-0.243050 -0.845446
-1.413128 -1.477391
-1.922931 -1.102817
-0.050062 -0.516651
-1.332671 -1.224446
-1.008877 -0.478629
-1.816405 -1.730736
-1.851468 -0.921543
-1.880936 -0.600893
-1.339844 -1.468483
-0.647503 -0.505424
-1.558805 -0.585969
-0.954596 -1.746152
-1.312003 -0.242375
-0.473225 -1.693910
-0.514985 -0.716274
-0.539356 -1.928113
-0.193665 -0.462287
-1.030930 -0.243728
-0.978938 -0.363601
-1.468174 -1.987814
-0.842231 -1.284579
-1.718550 -0.693698
-0.206122 -1.599486
-1.294591 -1.545966
-1.067969 -1.942094
-0.051390 -0.626773
-0.528064 -1.005986
-0.372925 -1.840067
-1.248361 -0.846150
-1.533977 -1.763346
-1.562424 -0.073332
-1.691459 -1.756090
-0.535619 -0.722389
-1.999817 -1.514556
-1.085990 -1.467991
-1.502371 -1.928221
-0.752569 -1.220921
-0.621919 -0.958691
-0.820407 -1.916510
-0.504657 -1.888376
-1.858605 -0.556047
-0.515149 -0.386668
-1.562034 -0.888074
-0.226735 -0.810395
-1.734224 -1.760712
-0.573741 -1.296648
-1.834044 -0.265200
-1.052738 -0.369663
-0.987589 -1.052555
-1.884219 -0.073579
-0.520545 -1.386590
-0.001799 -1.273115
-0.607511 -0.623719
-0.231806 -1.427918
-0.540229 -0.736463
-1.316294 -0.398834
-1.292510 -1.831443
-0.785502 -0.854544
-0.719517 -1.012238
-1.664939 -0.453741
-0.772949 -0.238679
-1.750389 -0.606993
-0.503879 -0.803127
-0.976656 -1.491468
-1.855682 -0.860876
-1.565046 -0.376227
-0.247466 -1.566846
-1.649342 -0.854977
-0.190564 -1.881148
-0.282895 -0.730793
-0.617610 -1.599189
-1.129627 -1.910120
-1.430632 -1.915129
-0.764664 -0.150149
-0.927366 -0.429603
-0.603891 -1.700316
-0.668282 -0.354280
-0.307309 -1.172161
-1.157407 -1.283966
-0.663629 -1.013089
-0.144841 -0.228675
-1.389316 -0.392307
-1.795521 -1.038658
-1.247284 -1.986085
-0.919806 -1.530179
-0.716878 -1.537416
-1.129368 -1.846504
-1.447536 -0.560000
-1.761633 -0.212200
-0.710149 -0.689000
-0.641803 -1.314039
-0.389315 -1.310085
-1.668320 -0.696625
-0.482246 -0.825727
-1.980590 -1.145875
-1.838816 -0.125431
-1.374550 -1.228132
-0.517738 -1.170070
-0.266791 -1.765022
-1.156155 -1.186596
-1.295201 -1.873033
-0.724012 -0.424569
-1.719537 -0.171549
-0.984568 -1.481170
-0.383749 -1.694717
-0.170170 -1.025552
-1.008757 -0.559485
-0.335637 -0.677076
-1.256110 -0.817883
-1.502803 -1.236700
-1.963758 -1.341619
-1.362131 -1.338307
-0.569752 -1.879870
-0.508378 -0.836542
-1.644892 -1.664532
-0.023138 -0.940093
-1.537565 -0.747151
-1.364662 -1.257102
-0.918700 -0.349231
-0.738272 -1.302449
-0.043948 -0.908442
-0.328001 -1.052705
-1.467927 -0.663638
-1.729781 -0.724037
-1.481521 -1.232585
-1.960737 -1.445278
-0.574204 -1.322868
-0.783585 -1.143956
-1.202738 -1.291963
-1.980498 -0.847630
-0.956495 -0.003636
-1.787723 -0.494060
-0.750787 -1.152385
-1.751162 -1.669487
-1.501616 -0.489434
-0.971936 -1.545564
-1.397877 -1.299937
-0.598269 -0.865804
-1.963575 -0.328050
-1.589841 -1.445095
-1.560635 -1.550578
-0.890373 -0.134839
-0.873446 -1.673958
-1.278795 -0.076183
-0.965921 -1.259293
-0.923813 -1.922416
-1.262929 -0.711536
-0.416476 -0.013716
-1.863921 -0.167639
-1.683203 -1.365537
-0.657073 -0.655139
-0.911101 -0.054949
-1.955076 -1.509370
-0.920753 -1.918651
-1.837420 -0.510594
-1.363746 -1.398055
-0.061171 -0.254119
-1.532895 -0.934617
-1.928077 -0.811690
-1.010800 -0.893999
-0.070982 -1.934613
-0.816415 -1.333911
-0.646149 -1.232892
-1.347628 -0.510070
